$ANSIBLE_VAULT;1.1;AES256
36643436383135373339333132366636336566616661666632646136373833393037333562353238
6634356434623632636336643235623064363232353035390a316239336330363739623033373131
38646137323339376166313165663737343730396630383662396334636237613134613336323333
3231393635616261310a326264636538383764343266313831363464353033313463636235626535
35653637343136383730356233343062663937386165663334653339363065356361623937373762
66366237336639383432663164343535663337343637346633373864303761613762663830323163
35613433333931393263386462633536636362303632613932333530653361336164333032663836
63316632666232363339656134383038306566303332363466376163613732303161663261343338
30336534383830313137626163623333653263303761356531306232656433306266313636666333
39613766653239613865313666356238646231306563653465633435633662396531666539356139
33303234316633313135336361353333366332323234363761626231383337623230313238353336
35663435313435353163346635643463366234303133613465396533373334633637383466393334
63623333376265346561303939323236636566333938383632346465373065336561656365366537
31333836633738623836386530316465626632336564306631356232646662633033633061653466
65383739383239613562636366393233393532646431336162613133303036623133633866663865
61306438623931393661323235306563663763366661363033373638346532626432393863663666
66313635666139326530666230393633633232663162333434303832353236636631656131386361
37646336633636353338373561626630386339363137366233383865323932383732353637373939
39333036613732343062346263343739343339666437313664653431663764313532313436373665
31303534363639336236656263656137323538303665333932353939323835303638353637646366
62666566356435636663373230666437373465643039653130626163653230373666666530373639
64656636373330666362653439633234626531353964313739636231653030306263303734366562
62313765633164323065306363613137666362613966313630636331333835313466373832313164
34313431376134663563623732333030666633343462373063383862353832323666383738393937
61323730306538303165636163623531663731376130373563636663386665643061343035323265
62633363376432623736336331636338376466383564316537356436653866303934396463303661
65666335613238633366383739363830363238613863326163313463323039636336316463356538
36386135646162663765623030383961393439313362623031653236643534393032656538666131
33333033306362646363663661373233323336306261306130333230303832376630336136393231
61663932326663393864373531346664636563363133333366613136663539633935306539663531
61636135366638653761303436666264353163356263333333306230363661623161306432326430
33393135363736313632666536623830626164613339353562353565353037653038643637333538
38636537656565626264356461313363633632386332656535326165346532356539616261376433
39396230336439306365653966393630643231363637326532343135663962363236343961663666
65316533663265323837303238373039636164643733633930643632383564666664373833653331
34623964336638373063353832663334626165356365343330343738366463393366623162316164
65626633303263643432316430303464613734326566303537333864363133343464356463333965
32326465666532383165666163616666303335346533376163643633363433633262366565313761
66383365343366663039396166623034313364623732306633356666376338393832323939343436
65356364346238633639363130316231666338373638643963336666616632356166323931353034
62646565356366306532623530633939663165343735323739623133353666386430396131613062
30373262363264613833303131643663663939306563386438323832336565623965356635373631
30623935356236613265303663666461383833333064343163343333613836316262393961386536
32613736323132643061393731633962653261303936386439623539306666316536336431303536
63333061363964363033633232316531323661313532613732303266646335633064303265373035
38306234303463626238376333383039336464623163343134386462393630343030316435663531
31626531646434313636316661366566376236366464366463346239323436303238353466386165
63333936343438383866643330613531653930656533646337396263656136633633616639373963
35313264346633303739613237313739376562353837363732633862386537616637363566303138
65646166666663653762356439396264383338656536666538613935343334306334623464613063
37343165366362353061653062636332373763316265646332333665396537636334666335666263
38653634616661353863
