$ANSIBLE_VAULT;1.1;AES256
35643437353732313862366238373137343063373463393238613963653035306338636535326464
3437383564393838326564656133626339663033363432360a343030326436346233313934346230
38363964653934366230363161613863363730303130316635376132373635383035396462643863
6431663665303039350a623938346564666666396136643761366264646538303563666633623531
32373738353464633033666465663835363261623935653335653662353566663134636636646366
32313966306134396463343061613933613538396261333037633462313135633636373631346534
37313065326335396134653032636265376530326139653833333633643234656363356537646266
30666339306362333363323363366539343939303637666436326263303138333930343838653462
66643861343832353936363236653965353361383538623431643233353036616335373034643038
63303566313462333134346564343361643866306639626431366539366239343631393337623431
62623831396666666131643462343863353561386439626238323162333831386161646336353561
35616562336266623366383565336161373730643937663435333638666231366363633464306366
36336364376435393939663234646337396436623136656139376632613063326561346230663835
34663534373236613036326539626137373437623662613866613764653866396438303638623634
64376264373032393334386366306161336633623064356366386239626162343530666135653030
61653666316536343632323330656530383931386561383938383037646632396439613930656165
37616565396538316339623261356466303936386530366165653532383038373236323662343132
65666161343464303163376661343266333235616466623333353566363536646139356562646261
64616533653563666461386362353532343462656634656665356236613734303265663338303166
36626636386535316565653737656437353239303766623139366631356137643738613433383838
66326537643130326364343136363861343432383065336632623266663031323765313966373239
66663439336362323035353465646336636530343665356638653661656439393038363764656236
35333236653963616563306363343866666337663835326262313737313339666364356438616364
62343063363839363039343033613564636130653435386265396138346534356532313832393736
38653934666233373038386130303330333030363665373931326138323564653933306331333439
31633366636436323333646539353365626166626132666463643638366533356265633536376365
62316563643164633538366430323533626636373663363761333138313434373537643665323037
35616462663862353261656135343562643262623964336662333061633732376161633532666661
61363266343136336337646265646463366261353633336566653264343130613961623331636337
64313866353630346365323265656463343862373035356639333631616365313730643438306238
32323565626530323732303764383662353966386438656239393538656666346532386566393666
37666662363461663264633138373061656631666432353561643830663432333237366435366636
36343530376537623364623363306431396662316433356465363536313735343761366239313864
34323036353962373238613936626636636630636432326231376665623936366164323032353230
39316633386661613431663438313933616431396365396339333634633230633363626565326232
37653832636533346235343736396630316366346564393165396666343733613866376236336563
66363365653733356537643164393838383830323838396236336166303534383437633064633365
36646531373262383339323465613431666630373866373564643536343265303665306564666166
38633264353963363233393233636562626665643363373331313732643637376532333638373263
66333036366435623338613534333562326533316338353335626664313733393932343264643734
39653565633136323238393063356236346539353032343837303761326131653739326330306231
66303235363435643365643338386664326563326164356438353233653161383335363033646237
64613137323864663437356636383663356233356239653430633533666231363334346539326466
30613662666530303833306263303062363039623031613166373837323734396132643465656232
31636563643731653365316133376461373261646635633433383033323232656534373634343262
37326563353966623866313532323961393136393434326337373863616266613766646266326166
37366663383730313961613836656365626239653565316332336132656633633163616630393061
65393464653966616632616566356436353831356361616235313061646361393162326265663730
38326362653636663139616133663763663536623735343734383166356562313939383962363933
65383764653433343735643430643935333334663361643235393962303538653932326466326566
61646262336631336131363431653064653534333933626461623862626539643730623462613130
66666336323537643064326664323533643963613966656137343965333736373732623964333936
39616362313133303263373836646339343137343261646631393737313630383335383936303030
35306233306638333735353864363234346133663462343263666338323939376538393535386434
62383762313534303064626264623336373863323237353736363035383864336534666162346462
37336662323461373864313563363363623537316331316135336163623530366466646631636539
33616138333034383565373436633032346664643139656237633463666261386136363839303864
33383461393865653963343031383663343733313038653238643730346535323531346465396163
34396530333533386535386438376135653262353864323132373739636137613964616164303831
64323937343736353339323065633337313630356630313566363966663139623936616464336366
38373762633266636333303639333738316336623961303838306361343663373462363133633837
64393535363966646531333238653162303235386231373961653365373138316333343434613061
63326135383239663230633862366537383131343033636432363664373434626164313331356239
61616666323762366662306161376262323232653337376364333235666235633538386234333130
38383464326135363762353931356532353538393339313832626562303563353738326436643732
31633735393035346330353438353162663663356439666530313135616630383334636239383936
36316365316630393061376163653631356665663338326231363661303664393664656434323261
65303537386634626236633164636566313961613432333036376561343732366634656239653664
61396561633162306663326230303164623534366163346432373534393935653637396338643835
32336338613234636338613230373964663137313739393634633536393838646639383430373261
37663539636539386231663066383631343664313935643031303166386239366639313831346165
63636232623831333461383463353537623730653634323934353934353839626262316434373465
64386438333734643733346139373232333037656232663239336666323335666235353239343137
39616632633832323739323130346462646239336133306234363662363263636136333438626431
32613262383166396533363964623032653265653936313566316337613964343966636131656435
63663533333234613439643966383164643761623065313935643635353965356461396164343666
39343239653134613733393361303537663430653362303161306136383036353233646263303331
62363664633531393966353263363365643766306166613338313635653763343933396632386161
38323561613962343434636339336534323365393639323831393035323362656533323430353865
65653262363465346335373235623061613961396638333637393565336539376131383061386565
31663262663035663130363231353638396562313537343431303636663034333066653934353131
35626530326465343865343837373536623337616233343836343265626237616235326664303433
32366539343130313139373236303437346463623264656436313062393261376266636330346638
31316166336230306432373165663737643865633135636333616565306530636235303762346662
61343866353230626337663566666435383037646662623161356538383365393864633033613966
65626535353666663964623031383932383635356636316535353931343930666636373533646338
36636136336434353861363366626161396536643932313736626163326531396461396432376661
39653636303964633764346137663635343061313538363439663731666439653632376337303133
35666531636536366330653236663632393065656331623435623461333931373962333462333234
33303339386236323661393963386366386434646261643631346366323933323861326631653235
65653631373562616161386335363937326164313236393137633864323638393663643830363365
32363434616164646162646531333062383836366565623433363666356661376364336631656331
30626637643161356230303033386530353032653138343037383738336534366135303931633861
63333766316534623635653838396463663362663063356334333865653436383639353136396263
30663433306631343736653130346537336339613664633662663635663430306537366663633139
31316436386138316233393939303562353362363662653432316165653661363665323262613636
61663838623961316230343039383931326237646630396462333836306637373863316238633565
34336337393837636232343834306338393934626161393530353862383563613564306136613263
64346232636339336563663431313533613061383233336665343034626463343362393234336564
31373563383366373630343830383662623562356235353635356365333632313138376261313165
33366134383462623766326337376234356631643462633837633833343364323439323261366231
64376438396231313534343365636461386161316165363334623461363662626339383032353464
66343436336132636262383365386635653734363263316432636432383532383165373563666366
66663064386532356363346330366566386131396633323031356264653366376161633233663430
33303761643031383134666362613037633530653963316535626234303866323239383563353832
35316464353462393434376430303762633836353162383062373737383732303766663935326562
65323638333864396238643038666430636635666536636234353432663766363962313831363533
33343966343363656534353261626565333132326236653365343036343561313430653137613666
30323037396563343038646462323831363962363034633432643734333861353263373365396362
32376664383462623036633264303762303639616431346530623032633439386664656135313863
32623361626233313261653332363565663236326466326231623366396539623561376162383932
64666463376438383636333830316161313338333330383330626337653333363735343136326466
39356463323962626531656664376264313061616566313934363336303831646630336130653463
33343432346432633738323130343864313762616463373763356632383266383338623636393065
38303833653361366336626462643966333636663939363333623964313432616538393738376134
65386332306434383366353561323232646237326566333430616361366233346437333562666363
36333266633565306666386535343563306136316666663834656536666531333832346362353732
64656133643065373962666632383538666261356463653333333230643563643265656531393365
65616234363038356538363533343961303436386334363063326530653430333537373536633533
63353134336466633833353165626236343434346530313661353031303664393632656566363533
36303131396638396233633834616437383636303532346664656534636534356461396439323939
65333735326530303531626234636234356166326433303534613639656461316632626235643738
65646136353738646566376363376164623831613737333339396264626136396635383065356133
38306662373232613635613034663733323438376131383934656166316231646130366230386134
61353333356534656563333430306662386132363235393461666438366338323466616666316561
65356365653235336637313131663935353032306636626432353437656166353337376136306439
32653230366166386235666164333430313033383937353061633465373036323937613361623864
35633264613061613065346234386230343030373536393037393866353833663964386365643033
39393262353233653732663566343734616238353263303265356138366462326430623237363236
38363563323530366565323564646438663661653136626465333631366534623332353631336466
32303963316233393261633236386133663636313938336236646265316636383535613266306639
62376666373465346130666234653137613064663739363733656562633661396364326139346636
63346630323864636563356132363838643464333065333665653365353239306264373833343261
30356233346161383762643932646538383164323039336366323165386661626639383265626639
61633063323662393961313061646662636161613333346261353038613131393631623361343439
32313839613231616363333931306433336663653930643663393162306464393366346436646534
31333033356565666663383335363239373766613437353039353462353330373037396130343033
35626261353933396534373163343061656530646365346535336139376532393930636266376532
34316263353461633933376563373036343031666237393536303336346366623662623833666438
62626531346138323666326335613035393335623563626164613432306562613031316632396564
30613933623338636462663162626139656261373938323337616436353963313635396630626165
36616234616237613838613838663162333633623434626637393561623665346636623739663164
35343065653666646365383936383431623766383764336364383930366234623333636334383262
65343630316532383436366238386362313762643638396433616232306539313162643033626363
34636664343261303937393566306564376135633062333932313666323538633930356562663734
34356464633966633033663330643663393230666366636536663238326231386666623063326365
37363030636366346463393166333933366433316639376439356139633139623933626363613731
34653836363434666666663530306137386163653734363564306462653932633437663462643530
32343163613366303136626231383363613234346665353134303939386237613739613063336134
32313339376632386263366235623465643865313438613037653534396136356637623538393363
35383730323139316233366233386433383532373539383935623363363935656130613061663832
33386365353130383932333732643962316232353936393466383833333038393064363535663436
66343664316565626330356331346537323162666237373532363364323835616235346465393766
35393830613863343930313435326131343163303463343062363031663535366263656564633135
62633537643732626461366231613937336234626431393334313362316664653335306661636633
37353139633236656265323130343031366665313664386531313838656638313761366466626462
30656435396432616438393563653334373261333336633064313961636635633730653236636239
33643837343166623131633366386231393238363966373532333166393830666432343435643734
38353132343664626437363062636536663536393963616139303032386231623366303932626533
31333731373762353465366136643262613663623134343935636132633630303062373433383965
63313163646635366664313536393738303764323065323933303137656161616234326366616562
32373966656232653737323230613437646237663031363432393466346636316536353766613762
61383461356637343734376361393233343061346463656231306137636663343065383139316439
62333235613531393230343535356663336137313661316266356464393261613061353932633438
35366536613132616164363239363163636539313432613439363331303331386233376162306439
37336166623466366434393837643065313061333131316166386330633133663834323861346534
62343033303433623662396165363835313737643566386634636561636165616333666365333938
39663734373534643637643364643734316133373332306461396135396135303264316466353462
65313762663839326461313563303634643364383563303136373932373233336132303034343436
38303533653235623666396466633566653739643264353735343762316263636362356337366137
62366662303238373561313562356333323939363733353561316436326136633036303365343664
37333537326432383961303733626533393238613434303735633063646465613831633434373834
30356661313466353962373865663535376633656135363762376337336132323131363939656131
39653235613865313638636131383039356234656263303963613331396133613039616533306461
61666232636534613332626536386536313336326162393034656538363161396531363130333762
35373661366665313463346362313639643233373462636662313930616533313534383163326661
31373266373439346161613932353035643931343831366137663263633363343963626438326636
39666536393363643034306532363238616138343733663737616464623039666536306564373935
31303661393264303766333838306361303637356534343839633536656264643563636464313137
61353739613233313731393762383937643231376139353365633531656530633138616163313237
64346430643234373931636530303764633236356532376261373365353062613762303361623762
66393565663530643735633462343139363637343637333339343530356565376165373538383137
37623539656533656637646633386531663734376531336439616436303966636139323433633464
36646334323837313334386134623631616337373433376132353234623930643631663339656539
63653564646164333138633262636162323836643033393030313731656162386534613334353435
32356262326564653837336663336530633965623931663534363235663363626536353937653431
38303765626635363433613762616334306264303835623533393032356661333764366565633166
65336265336239326535613530316431663630333937323336366563623735383466616265636333
38313262613735633563353830623561346438626564353539393633303232666330613335666239
36356333633861383739343363663266663763343963326636663834333161663730613862306663
64316437313361313036633461333933643261306439303330623766323738313465343236663130
65383962653965353237613165666635616339393039633239383562336332346536333635353161
34393335636336316661303764643236353236643563663435383864336431663361636538636533
61353062633936656230623036363763313032663632326532326536353032613766373461643965
61313838353765376138373061643165306466383838396234333230373235623532653731653862
35636234663863633835323333613561633466323861376632306466613537633261306564333762
64323961326161383162663661343164623934323838636335376162613931333565393261326135
35366264313762633936376233623536653130366365396366383438393833623235633936666537
66373666383736643635386234633732303466653631323461316238643738643130646236336666
65326132376435323531376465616662363431386663613936643031343464353337663565623162
37623564616562343430613936353038393633626632376137333461376564613064353330383266
64333864636236623534323866633037643237323930366234383066396663646539393633303235
32633464313238343165396232333163363932393063323930326232663332626363396437353635
36356163663962353332653538366634386434656538393032613166373765363735323838376332
33396365643438663364373161336265356239663262363563646634643434343163333534613032
39616331346563653739303536323333623336333366663436616463353961393530643562396333
34393566383231643835663433653534303965656664663338623837656637316333386531653963
38623062353932636363323130373531346632333931363462383963356462336433613065336234
30666631326266326365376237663232646265353339333932353734323634343561333839663234
39393037376338313233663130346363383534326564383539643739323365353063366330636438
31323234653539343435383033393934626632636234626134646631353835336439386635323931
39306539386664383436323563323032653635376632623162643464383430303137306465646165
64643537643133333562643538623435626262363730623430383864636335303131356266653561
30303531613239666638336333633632386564616134653365346338396261336332383864373462
35313532353864653032643863613964376138653666643335316631306365643939316233386334
65356634336435656533626565623663356262306163303565613236333138313832316366353466
32316433653961313432383938383539663661346431356663633737633932343866376562336564
64356433326232306533393638616138383263303131643562616432633030646332633336643038
33626236373638313563326237396164333232366233376331366462333136663465336130303533
32316263653437383533653566386261376338656465316563663163356432383364356362643263
66643466353962363036396562303630623431653536663139646239356463643539656265336564
34613435666664336365333962363037336437653064376464616630633566653364353837613964
66653561636465626363353531356235366139386461646261653965346661363461623965363035
36333236663830643032343034353133326163353634666364366537643730396433323765333966
30613066306435316237653136373730393362316361363537353961376532646439386165323033
32633833643631313862616463326139363936656433306132313236396361303165323266396636
31313539636463393936646330366137303663336636343764316639353061646530616336626537
66333136393637343439626636353561623532383235376336303630346330343262343536363564
38396364333934336432336665346266393630353135353837313330393062343764363163666233
32653736356634353036366232326433623437623039636132343233393330633636343861383335
35633538623334393533326635313733326336376539373130363264333934333831663139626364
33666261396565623662636433383038613036343132376333643566303233343461646332316235
66666136343764646532333333323761373365626234376135346238626639653762303639653164
36313564326362313764376663333039393661356534663532383063663232323966303033343338
61633936366361333936326165303533383930623163656465396566616331316437326563666632
33326262396666616135333736666633663164666362363131343837393165363230313464323961
39313337316330323630323339323534373164353135366234356232303234643733633231666662
62663532343565316631313336653261653939393939383538346366363531373362333935306435
39323764646534363637353438333337353163653330366233396236613731653734373432373261
64396361366538643965323662623736643936333763326335633539383666386438383236633665
39653536613936616436616464363265323733306234613330386334356662326131313261343734
31396562646432633031303836313030323634336265646637633236326366323535303731383465
66336638363864656666613165386264373366663234323461326662333035366633353435656164
35613238326332313137353464636432613361326530353738323937633965643631313531303232
64386231626264643037643935316164656134616539356535326262303935373364626638343039
34656238326336346638333564366265656266396631396139366638366437383262393339333462
62353237663366356164316333363465623538666266383035303766636432393830333033313130
33383264313135323138393030363863353566373230646437643066396235333265336635303134
39633436656661613035343430373637316536346265613939366433353962653362373937313338
32376561643638303131336237633630363931623639626164393439636162666265323936373831
65663934323639376537353266363463663738633134303337666139663137653562363331656563
31356662366434373966393062383532343034336332353366366431306133633439646662333466
62393961396132653165336436343362623935643032353431313138613231646431373166393764
64616531313334386261316537353930353033396461346339303864666230643266386233393939
32313962343066393861643836323535303961376465303666643463336334353834353631636165
38393061306631303931613662326333643765636237383638633837346437343231323438613262
32396261326563313138373433303537326362326232383265366264353763386535306534623966
31366134393339303866623435653137663731333762643063303337393062333136666634376463
62343533343066653634323433636233356432336533396463326361333838336639613464336633
38393539633462666265
